Just eyes:
50 degrees:
[102.356, -74.4938],
[100.013, -76.9128],
[98.9581, -80.237],
[97.9846, -80.494],
[98.6826, -80.2686],
[98.0742, -80.4309],
[98.4672, -82.7833],
[97.7046, -80.2611],
[98.3181, -80.4415],
[98.3508, -81.7295],
[98.3017, -81.5969],
[97.8821, -80.8576],
[97.6236, -81.5874],
[97.5678, -81.2776],
[97.4275, -81.8558],
[97.0496, -82.8503],
[96.8489, -82.2454],
[96.7218, -84.2282],
[96.7435, -82.8677],
[96.5172, -83.592],
[96.4847, -82.4247],
[96.5254, -82.7208],
[96.4262, -83.5083],
[96.5334, -83.8292],
[96.5615, -81.9407],
[96.5405, -81.9796],
[96.6092, -83.0972],
[96.5788, -82.3759],
[96.5587, -83.0446],
[96.415, -82.5496],
[96.4373, -83.2685],
[96.5164, -82.7995],
[96.5897, -83.906],
[96.5619, -82.6221],
[96.6433, -83.2612],
[96.6738, -82.3585],
[96.5679, -81.8852],
[96.6095, -83.5945],
[96.6084, -83.6405],
[96.5589, -82.3101],
[96.6216, -81.5383]

60 degrees: 
[97.8677, -78.8274],
[97.0648, -79.9769],
[96.8001, -80.0604],
[96.8509, -80.8803],
[96.6415, -80.4496],
[96.5853, -79.9697],
[96.7704, -80.2675],
[96.6558, -80.2483],
[96.6425, -80.5959],
[96.6979, -80.2244],
[96.8705, -80.1752],
[96.9156, -79.9289],
[96.883, -80.1873],
[96.9743, -80.044],
[96.9172, -80.262],
[96.8425, -79.9367],
[96.8852, -80.3823],
[96.9159, -79.9635],
[96.8352, -80.195],
[96.8593, -79.8598],
[96.7209, -80.03],
[96.9043, -80.226],
[96.7983, -79.7687],
[96.9707, -80.2969],
[96.7633, -80.1308],
[96.602, -79.9244],
[96.8134, -80.3726],
[96.7412, -80.2162],
[96.6546, -79.8542],
[96.8679, -80.6635],
[96.7069, -79.963],
[96.8098, -80.0539],
[97.0669, -80.2733],
[97.0259, -80.6744],
[96.9111, -80.5679],
[96.7143, -80.2719],
[96.7656, -80.2293],
[96.6923, -80.095],
[96.6843, -80.3424],
[96.5978, -80.0613],
[96.5771, -80.2201],
[96.6985, -80.1734],
[96.6149, -80.376],
[96.745, -80.3052],
[96.7668, -79.9504],
[96.6229, -80.0288],
[96.755, -79.8377],
[96.59, -79.9989],
[96.6127, -80.2554],
[96.6473, -80.4984],
[96.7115, -80.1429],
[96.7795, -80.0425],
[96.8473, -80.1147],
[96.8047, -79.9929],
[96.738, -80.2216],
[96.7593, -80.441],
[96.7623, -80.3918],
[96.7684, -80.4433],
[96.8402, -80.45],
[96.8023, -80.1641],
[96.817, -79.9873],
[96.7246, -80.2773],
[96.6909, -80.42]

70 degrees:
[92.57, -104.22],
[95.6521, -93.345],
[98.2253, -95.3562],
[99.3146, -93.9273],
[96.0583, -108.956],
[93.9221, -109.914],
[93.3645, -109.377],
[93.2259, -107.609],
[92.9702, -107.708],
[92.9062, -107.427],
[92.5759, -107.275],
[92.4691, -107.337],
[92.3597, -107.482],
[91.983, -106.856],
[91.3192, -105.936],
[90.7309, -106.442],
[91.4624, -106.27],
[91.9758, -106.115],
[91.9907, -105.825],
[91.8006, -105.971],
[91.8129, -106.154],
[91.7453, -106.424],
[91.8751, -106.216],
[92.0156, -106.781],
[91.9188, -106.904],
[91.9676, -107.241],
[91.9709, -105.797],
[91.8174, -106.34],
[91.8906, -105.611],
[91.6498, -105.846],
[92.0136, -105.601],
[91.9024, -106.181],
[91.9067, -106.055],
[92.0511, -105.74],
[92.0585, -106.865],
[91.9645, -106.081],
[92.0097, -105.721],
[92.065, -105.937],
[92.0586, -105.686],
[92.1455, -106.027],
[91.9782, -106.654],
[92.1165, -106.542],
[92.0142, -106.092],
[91.9608, -106.243],
[91.9644, -106.96],
[92.0414, -106.061],
[92.1083, -106.827],
[91.9493, -106.402],
[92.0071, -106.412],
[91.8371, -106.306],
[91.9361, -105.85],
[91.9035, -106.366],
[92.0355, -106.215],
[92.1076, -106.242],
[92.0003, -105.866],
[92.0369, -106.135],
[92.1395, -105.84]

80 degrees:
[96.4658, -98.8871],
[95.8124, -99.66],
[95.623, -99.4751],
[95.5801, -98.9677],
[95.6937, -99.7047],
[95.7113, -99.5398],
[95.5979, -100.436],
[95.7013, -99.6336],
[95.6062, -99.6297],
[95.6351, -100.014],
[95.6178, -100.039],
[95.6869, -100.167],
[95.5732, -100.396],
[95.5783, -100.091],
[95.5309, -100.565],
[95.4975, -100.244],
[95.4659, -100.146],
[95.363, -100.415],
[95.3631, -99.7902],
[95.319, -100.32],
[95.4453, -99.9774],
[95.3465, -101.086],
[95.506, -100.589],
[95.4437, -100.382],
[95.6147, -99.5884],
[95.4968, -98.6387],
[95.5137, -99.1789],
[95.5352, -99.4107],
[95.3989, -99.2338],
[95.5125, -99.99],
[95.4116, -100.69],
[95.4844, -100.887],
[95.6674, -100.113],
[95.6841, -100.125],
[95.6676, -100.277],
[95.7023, -99.5331],
[95.5939, -99.8708],
[95.5493, -99.0104],
[95.5529, -99.0936],
[95.5261, -99.6543],
[95.6922, -100.118],
[95.5543, -98.8698],
[95.467, -99.0784],
[95.6857, -98.8923],
[95.8271, -99.389],
[95.6524, -100.734],
[95.5311, -96.1517],
[95.9119, -90.4867],
[96.0134, -89.8023],
[95.8641, -90.0865],
[95.8858, -91.4333],
[95.7949, -92.6159],
[95.5599, -96.9103]

90 degrees:
[93.3078, -91.9479],
[92.9296, -94.4539],
[92.4782, -92.9373],
[92.3867, -93.0388],
[92.4216, -93.5295],
[92.5322, -95.7322],
[92.6158, -93.5443],
[92.4752, -93.3277],
[92.4469, -93.8735],
[92.5498, -93.3037],
[92.5102, -93.3251],
[92.5068, -93.9735],
[92.4902, -93.4525],
[92.4541, -92.8005],
[92.4849, -93.3902],
[92.2355, -93.3551],
[92.3225, -93.7392],
[92.4929, -92.0342],
[92.0448, -93.0313],
[92.2262, -94.3599],
[92.288, -94.2341],
[92.2061, -93.9696],
[92.221, -93.6778],
[92.2102, -93.7172],
[92.2697, -95.7425],
[92.4386, -93.6926],
[92.2559, -93.8698],
[92.1175, -94.6834],
[92.082, -94.5689],
[92.2209, -94.7838],
[92.0017, -95.5067],
[92.1427, -95.0704],
[92.0114, -92.6852],
[92.0648, -96.0603],
[92.2032, -94.723],
[91.9921, -94.619],
[91.9605, -94.1098],
[92.0479, -93.2814],
[91.9653, -93.6727],
[92.0022, -95.302],
[91.7566, -95.0887],
[91.7185, -94.9375]

100 degrees:
[90.5707, -99.7632],
[90.3708, -99.7144],
[90.0664, -100.009],
[89.9647, -99.927],
[89.8204, -99.7312],
[89.7904, -99.8054],
[89.8968, -99.7226],
[89.6536, -99.7589],
[89.6012, -100.105],
[89.4647, -99.7795],
[89.4462, -99.7347],
[89.5822, -100.355],
[89.6922, -100.773],
[89.5999, -99.4746],
[89.6469, -100.222],
[89.5513, -100.725],
[89.4414, -100.488],
[89.5643, -100.389],
[89.2927, -99.9802],
[89.4333, -100.197],
[89.6555, -99.8866],
[89.5166, -99.8964]

110 degrees:
[92.0072, -102.815],
[92.2409, -103.151],
[92.0318, -104.061],
[92.0163, -104.029],
[92.1649, -103.692],
[91.9669, -103.596],
[91.9469, -103.626],
[91.7212, -103.954],
[91.8127, -103.315],
[91.81, -103.517],
[91.8358, -103.116],
[91.7508, -103.491],
[91.7485, -103.761],
[91.8254, -103.882],
[91.7905, -103.585],
[91.7484, -104.097],
[91.7128, -103.623],
[91.8123, -103.343],
[91.8306, -103.637],
[91.722, -104.445],
[91.9362, -104.126],
[91.9234, -103.659],
[91.9039, -103.7],
[91.7468, -103.65],
[91.8445, -103.785],
[91.7058, -104.336],
[91.6651, -104.252],
[91.6425, -103.929],
[91.6958, -104.648],
[91.6849, -103.915],
[91.5576, -104.222],
[91.6223, -104.105],
[91.6733, -104.153],
[91.597, -103.8],
[91.6145, -104.339],
[91.6057, -104.475],
[91.6344, -104.135],
[91.639, -103.916],
[91.6394, -104.197],
[91.6041, -104.532],
[91.7168, -103.882],
[91.6338, -104.057],
[91.7422, -104.343],
[91.6896, -103.851],
[91.7678, -104.091],
[91.7771, -104.331],
[91.8189, -103.669],
[91.9025, -103.952],
[91.6971, -103.942],
[91.7282, -104.044],
[91.7821, -103.891],
[91.83, -104.053],
[91.645, -104.107],
[91.7534, -103.465],
[91.7481, -103.606],
[91.8094, -103.901]

120 degrees:
[91.578, -105.57],
[91.1831, -106.534],
[91.0362, -105.971],
[90.8148, -105.805],
[90.7331, -106.063],
[90.8584, -106.236],
[91.0054, -106.628],
[90.8701, -106.533],
[90.8879, -106.532],
[90.9395, -106.425],
[90.7803, -106.525],
[90.837, -106.189],
[90.7155, -106.307],
[90.6337, -106.397],
[90.544, -106.595],
[90.5247, -106.692],
[90.5173, -106.865],
[90.4549, -106.752],
[90.4665, -106.635],
[90.3935, -106.813],
[90.5218, -106.186],
[90.5731, -106.789],
[90.4463, -106.912],
[90.4155, -107.064],
[90.3965, -107.013],
[90.3927, -106.233],
[90.7153, -106.689],
[90.3853, -106.666],
[90.4518, -106.533],
[90.4924, -106.468],
[90.4679, -106.592],
[90.445, -106.837],
[90.509, -106.812],
[90.3925, -107.053],
[90.4966, -106.619],
[90.5995, -106.5],
[90.4908, -106.369]

Just Head:
50 degrees:
[122.005, -77.4218],
[119.881, -79.6359],
[120.931, -79.394],
[121.253, -78.152],
[121.525, -78.5405],
[121.767, -79.3319],
[122.041, -79.3671],
[122.183, -78.5118],
[122.243, -78.6701],
[122.492, -77.7693],
[122.453, -77.1262],
[122.579, -78.6747],
[122.851, -78.4303],
[122.77, -78.0825],
[122.78, -77.9606],
[122.822, -78.1905],
[122.891, -78.4091],
[123.395, -77.7937],
[123.954, -79.2791],
[124.022, -81.5013],
[124.005, -80.138],
[123.852, -81.1802],
[123.72, -79.2296],
[124.048, -78.7476],
[123.903, -77.2282],
[123.552, -77.6],
[123.532, -76.0472],
[123.563, -77.1077],
[123.433, -76.6097],
[123.68, -76.6851],
[123.89, -77.1439],
[123.979, -76.6808],
[124.144, -77.1606],
[123.989, -75.4816],
[124.112, -74.273],
[124.31, -73.691],
[124.428, -73.2417]

60 degrees:
[114.163, -72.1356],
[111.748, -74.4801],
[112.024, -75.3255],
[111.972, -74.4017],
[112.196, -75.5618],
[112.24, -75.1957],
[112.164, -75.4835],
[112.104, -75.4577],
[112.164, -75.7349],
[112.102, -75.8254],
[111.938, -75.3198],
[112.047, -75.5445],
[112.04, -74.944],
[112.049, -75.1967],
[112.055, -75.3858],
[111.942, -75.7247],
[112.078, -74.6766],
[112.045, -75.2097],
[112.008, -75.9054],
[112.123, -75.1895],
[112.037, -75.5685],
[112.315, -75.4298],
[112.262, -74.7117],
[112.09, -75.9035],
[112.131, -75.7891],
[111.951, -75.5886],
[111.932, -75.0544],
[112.075, -75.505],
[112.226, -74.974],
[112.177, -75.2699],
[112.269, -74.8314],
[112.287, -75.0104],
[112.205, -74.9566],
[112.109, -75.5022],
[112.135, -75.3963],
[112.163, -75.2372]

70 degrees:
[102.378, -82.1961],
[100.949, -82.7118],
[100.399, -82.3419],
[100.064, -82.0639],
[100.062, -81.8998],
[99.7425, -82.8384],
[99.991, -82.2612],
[99.7453, -81.9406],
[99.6245, -81.9211],
[99.7558, -82.555],
[99.8164, -82.7943],
[100.001, -83.341],
[99.8842, -83.063],
[99.9635, -82.4725],
[100.063, -82.7056],
[99.8406, -83.0895],
[99.7135, -82.4302],
[99.7621, -83.0182],
[99.5475, -83.0637],
[99.6308, -82.6809],
[99.7516, -82.5408],
[99.5871, -82.6258],
[99.7905, -82.1718],
[99.7149, -82.9791],
[99.7117, -82.6971],
[99.7691, -82.8923],
[99.6265, -83.532],
[99.7041, -83.0618],
[99.8313, -82.8697],
[99.7831, -82.6749],
[99.7238, -82.8222],
[99.7819, -83.101],
[99.8284, -82.5378],
[99.7261, -82.7651],
[99.8626, -83.1327],
[99.7601, -81.9518],
[99.9946, -84.0957]

80 degrees:
[100.693, -86.0678],
[99.2698, -87.7835],
[98.6419, -88.2665],
[98.4106, -87.7323],
[98.2887, -88.027],
[98.3653, -87.2927],
[98.3301, -87.3842],
[98.374, -87.611],
[98.4615, -87.8305],
[98.3127, -87.4585],
[98.344, -87.8471],
[98.445, -88.2881],
[98.4855, -88.2984],
[98.4532, -88.2362],
[98.5747, -87.8806],
[98.4297, -87.8843],
[98.3972, -87.4913],
[98.3657, -88.1035],
[98.3873, -87.6947],
[98.3482, -87.3243],
[98.465, -87.3412],
[98.4889, -87.8362],
[98.4941, -87.7158],
[98.4638, -87.7482],
[98.5186, -87.8134],
[98.4884, -88.4659],
[98.5611, -87.5159],
[98.3542, -87.5115],
[98.384, -88.0984],

90 degrees:
[90.313, -92.8792],
[90.3574, -94.704],
[89.9238, -95.3929],
[89.8235, -95.5083],
[89.6732, -95.0857],
[89.7411, -95.3103],
[89.7949, -95.0155],
[89.9122, -94.8712],
[89.7195, -94.7712],
[89.7364, -94.7631],
[89.817, -94.4191],
[89.5689, -94.7075],
[89.4577, -95.6203],
[89.538, -95.4828],
[89.5704, -95.5174],
[89.5093, -95.5839],
[89.6079, -95.3054],
[89.7361, -95.2164],
[89.7053, -94.5995],
[89.474, -95.1763],
[89.3466, -95.3571],
[89.5124, -94.5402],
[89.3202, -94.7078],
[89.4367, -94.5978],
[89.5283, -94.8341],
[89.46, -95.0223],
[89.4173, -94.7662],
[89.4714, -94.5976],
[89.4586, -94.2135],
[89.4851, -94.2677],
[89.5291, -94.4687],
[89.4425, -94.7095],
[89.4701, -94.5912],
[89.4594, -95.0884],
[89.5328, -94.6696],
[89.4563, -94.4437],
[89.5176, -94.6897],
[89.4037, -94.7946],
[89.3593, -94.5422],
[89.3739, -95.0059],
[89.4361, -94.6575],
[89.4714, -95.067]

100 degrees:
[79.7292, -100.46],
[80.5722, -100.493],
[80.8997, -100.862],
[81.0518, -99.6551],
[80.972, -99.6911],
[81.1984, -100.408],
[81.1772, -99.9675],
[81.3241, -99.6467],
[81.4669, -99.5577],
[81.2954, -100.468],
[81.3805, -100.16],
[81.4551, -99.8745],
[81.3301, -99.7298],
[81.3531, -100.301],
[81.5259, -99.723],
[81.6747, -102.862],
[81.478, -101.241],
[81.6173, -102.196],
[81.3556, -101.175],
[81.5225, -102.668],
[81.7681, -101.914],
[81.762, -100.499],
[81.8634, -100.018],
[82.0574, -100.267],
[81.9987, -100.14],
[81.8336, -99.9687],
[81.8637, -99.2092],
[81.8625, -100.062],
[81.7868, -100.119],
[81.9002, -100.004],
[81.6126, -99.0565],
[82.0787, -99.4739],
[81.913, -99.8002],
[82.0569, -100.244],
[82.9481, -99.1201],
[82.121, -99.7715],
[82.8247, -98.7995],
[82.1643, -99.6089],
[82.4919, -99.3475],
[82.2268, -98.6338]

110 degrees:
[68.8449, -106.641],
[70.2067, -106.871],
[70.6147, -105.917],
[70.6339, -105.359],
[70.6187, -105.621],
[70.7341, -105.81],
[70.5714, -105.49],
[70.628, -106.158],
[70.5925, -105.775],
[70.5919, -105.727],
[70.5172, -105.941],
[70.51, -106.009],
[70.4926, -105.57],
[70.6558, -106.203],
[70.7288, -105.351],
[70.5099, -106.06],
[70.5507, -105.725],
[70.5092, -105.428],
[70.5109, -105.879],
[70.5417, -105.409],
[70.6138, -105.758],
[70.5263, -105.597],
[70.5625, -105.602],
[70.5925, -105.789],
[70.5576, -105.548],
[70.4727, -105.527],
[70.4217, -105.934],
[70.5255, -105.816],
[70.49, -105.51],
[70.5163, -105.761],
[70.6901, -105.987],
[70.6455, -105.653],
[70.4784, -105.831],
[70.6315, -105.794]

120 degrees:
[59.845, -114.205],
[61.661, -111.009],
[61.3032, -110.795],
[61.5159, -111.117],
[61.4717, -111.274],
[61.2793, -111.03],
[61.5325, -111.362],
[61.691, -111.056],
[61.6682, -110.765],
[61.525, -110.902],
[61.5676, -110.88],
[61.4107, -111.038],
[61.3452, -111.032],
[61.3723, -111.507],
[61.4998, -111.582],
[61.3886, -111.034],
[61.7127, -111.049],
[61.5889, -111.081],
[61.5786, -111.149],
[61.4537, -110.689],
[61.3912, -111.081],
[61.4383, -111.368],
[61.3637, -111.27],
[61.2876, -111.1],
[61.182, -111.415],
[61.2192, -111.132],
[61.3748, -111.186]


Measurements for a tighter range:
Just eyes:
90 degrees:
[-84.1248, -92.6152],
[-84.3739, -95.0705],
[-85.1265, -93.5412],
[-84.4644, -94.1122],
[-84.4011, -94.4661],
[-84.4626, -94.2532],
[-84.2921, -93.8358],
[-84.4996, -94.2254],
[-84.4994, -93.9701],
[-84.9904, -94.3023],
[-85.0673, -95.2956],
[-84.3755, -95.615],
[-84.6695, -94.5463],
[-85.1187, -94.3992],
[-85.2505, -95.0017],
[-84.8211, -94.85],
[-84.6289, -94.0346],
[-84.6696, -94.5451],
[-84.5665, -94.1898],
[-84.879, -94.4927],
[-84.5585, -94.7043],
[-84.501, -94.2509],
[-84.6837, -94.6746],
[-84.532, -94.6754],
[-84.5874, -94.6706],
[-84.6508, -95.071],
[-84.2234, -94.7219],
[-84.3802, -94.5972],
[-84.4357, -94.7645],
[-84.5129, -94.0942],
[-84.8108, -94.7801],
[-84.7324, -94.5223],
[-84.5081, -95.2093],
[-84.4275, -94.6661],
[-84.3954, -94.6669],
[-84.9043, -94.5452],
[-84.7421, -94.3367],
[-84.5925, -94.4162],
[-84.3888, -94.6312],
[-84.4549, -94.6366],
[-84.276, -95.2562],
[-84.1639, -94.717],
[-84.7957, -94.7968],
[-84.4981, -94.6224]

95 degrees:
[-86.6711, -97.325],
[-87.8421, -98.3113],
[-87.0208, -97.1438],
[-87.2795, -97.268],
[-87.2543, -97.3967],
[-87.3477, -97.1155],
[-86.9773, -96.8363],
[-87.683, -96.4667],
[-87.1642, -97.4315],
[-86.1233, -97.6867],
[-87.1786, -98.113],
[-87.7798, -96.8597],
[-87.2853, -96.9955],
[-86.9684, -96.8123],
[-87.0522, -97.5451],
[-87.8709, -96.5371],
[-87.1046, -97.1406],
[-86.5403, -97.4208],
[-87.3951, -96.6925],
[-87.3235, -97.1888],
[-86.0144, -96.7644],
[-86.6773, -97.0618],
[-87.1443, -96.8614],
[-86.9875, -97.3169],
[-86.9871, -96.7131],
[-86.5912, -96.736],
[-87.2032, -97.4362],
[-86.6796, -97.0077],
[-87.4267, -96.7916],
[-87.1304, -97.1302],
[-86.5355, -97.3245],
[-86.8846, -96.8906],
[-87.3466, -96.7309],
[-87.1429, -96.8449],
[-86.95, -96.7353],
[-86.8077, -96.5178],
[-86.9224, -96.8403],
[-86.5007, -97.1255],
[-86.9934, -96.7738],
[-86.7071, -96.7083],
[-86.264, -96.6345],
[-86.8372, -96.6528],
[-86.7936, -96.8672],
[-87.0811, -96.6398],
[-86.9548, -96.5501]

100 degrees:
[-86.164, -98.1667],
[-88.0248, -99.5075],
[-87.8441, -98.8563],
[-88.0151, -98.9794],
[-86.5127, -99.4095],
[-87.6714, -99.0482],
[-87.533, -99.281],
[-87.2353, -99.1764],
[-87.3598, -99.1204],
[-87.1881, -99.3653],
[-87.7979, -98.9693],
[-88.4524, -98.5337],
[-87.6227, -98.9648],
[-88.044, -99.3547],
[-88.8623, -99.5484],
[-87.4066, -99.2414],
[-88.4015, -99.6399],
[-88.4251, -99.6127],
[-88.0545, -99.7965],
[-88.1807, -99.6049],
[-87.8426, -99.5893],
[-87.6408, -99.3639],
[-87.8825, -99.5021],
[-88.5295, -99.2287],
[-88.1782, -98.7176],
[-88.2203, -98.962],
[-88.1605, -99.1705],
[-87.6173, -98.8392],
[-88.3032, -98.8747],
[-87.8964, -98.935],
[-88.5368, -99.0422],
[-89.0878, -99.1592],
[-88.6088, -99.2344],
[-87.4769, -99.8601],
[-88.1337, -99.4388],
[-87.6674, -99.093],
[-87.543, -99.4013],
[-88.2597, -99.0954],
[-87.5612, -99.1626],
[-88.1664, -98.8836]